ABIO 17.95 46.81 83.72 61.11 0 19.15 62.79 25 10.26 0 67.44 0 0 34.04 74.42 63.89 15.38 19.15 62.79 11.11 46.15 46.81 55.81 80.56 100 85.11 97.67 58.33 17.95 100 90.7 100 56.41 51.06 0 58.33 97.44 93.62 100 44.44
ABMD 16.28 29.75 30.39 35.05 13.67 7.28 15.12 9.67 1.58 1.43 6.84 8.43 6.88 5.3 19.23 6.57 0 0 3.75 0 46.93 43 0 0.76 100 99.64 68.28 50.14 88.47 100 100 100 66.93 71.63 81.85 65.76 66.84 62.71 81.9 64.19
ABTL 50.7 63.46 91.56 82.46 36.69 39.53 59.49 50.18 17.37 23.26 42.19 32.28 11.48 31.23 35.86 27.72 0 1.33 19.83 0 8.4 0 0 2.11 82.35 75.75 43.04 18.95 72.55 85.05 100 100 53.5 74.42 91.14 85.96 100 100 90.72 55.79
ABTX 36.67 51.17 45.91 65.4 0 15.2 16.89 29.07 0.83 0 0 0 61.67 57.02 22.49 5.19 65.83 61.4 80.21 70.24 70 69.88 98.35 89.27 75.08 76.61 100 91 65.28 75.44 92.74 100 100 100 99.54 91 86.11 82.75 80.87 83.39
ABUS 50 50 58.82 64.29 46.87 14.29 52.94 39.29 9.37 0 23.53 21.43 53.12 28.57 35.29 0 0 17.86 0 39.29 84.38 100 41.18 3.57 100 78.57 100 85.71 93.75 85.71 97.06 100 81.25 82.14 70.59 82.14 78.13 85.71 88.24 67.86
ABY 5.19 31.46 28.1 29.27 0 0 0 2.44 21.43 19.65 9.67 0 50 49.48 49.55 36.89 60.71 59.38 51.96 50.61 82.79 100 59.21 72.26 93.18 97.64 43.81 100 81.49 96.16 100 97.56 69.48 76.07 68.58 84.76 100 94.39 75.53 68.9
ACAD 43.42 44.64 62.16 46.35 23.68 21.8 24.71 25.91 15.46 0 0.39 0 40.13 61.94 55.6 24.82 0 49.48 0 33.94 56.25 44.29 29.34 7.66 82.89 95.5 100 66.06 46.71 100 75.68 100 60.53 53.98 33.98 48.91 100 96.89 87.26 54.38
ACAS 18.47 8.97 23.67 17.54 0 0 11.83 19.3 6.37 0 0 0 27.39 27.59 30.77 30.41 43.95 52.41 28.99 26.32 74.52 71.03 62.72 58.48 100 95.17 93.49 83.04 89.81 95.86 100 100 96.18 91.72 79.29 94.15 100 100 95.86 91.81
ACAT 81.91 100 100 100 59.22 67.71 66.94 72.95 50.35 35.87 54.29 38.65 70.21 58.3 77.96 43.96 56.38 61.43 64.08 51.69 73.05 58.74 61.22 45.89 100 90.58 80.41 68.12 63.83 96.41 87.76 99.52 33.69 50.22 35.51 50.72 0 0 0 0
ACBI 26.36 19.63 19.53 20.29 0 40.65 25.59 26.09 15.5 0 0 0 37.98 25.23 43.77 39.86 40.31 39.25 53.2 49.28 72.87 67.29 44.44 63.04 95.35 94.39 48.01 90.58 92.25 95.33 39.06 100 100 100 100 96.38 90.7 92.52 96.97 97.83
