ADRA 65.03 69.23 66.85 71.27 19.13 23.08 19.89 24.86 0 0 0 0 32.24 39.01 33.7 40.88 31.69 41.21 20.44 21.55 51.91 56.59 46.41 58.56 85.25 85.16 76.8 77.35 75.96 75.82 77.9 77.9 75.96 75.82 77.9 77.9 100 100 100 100
ADRD 55.33 55.63 49.61 58.02 18 23.24 22.48 27.48 0 0 0 0 34.67 30.99 37.21 31.3 18 26.76 14.73 31.3 47.33 44.37 36.43 44.27 84.67 83.8 81.4 82.44 84 99.3 99.22 100 97.33 97.18 87.6 93.13 100 100 100 93.13
ADRE 64.12 81.82 80.12 83.04 20.59 24.24 28.92 31.58 0 0 0 0 27.06 37.58 42.17 37.43 18.24 24.24 22.89 22.81 41.18 33.94 40.36 37.43 100 94.55 96.39 80.7 83.53 100 100 100 71.76 71.52 58.43 74.85 85.88 80 71.69 57.89
ADRO 70.72 62.59 89.82 78.98 62.17 31.48 54.71 56.61 29.61 31.06 36.8 46.44 31.91 15.93 38.2 30.51 0 0 0 17.29 58.22 28.54 8.01 0 100 79.53 82.79 58.98 86.84 100 100 100 99.67 74.78 70.51 79.32 79.28 65.11 88.06 86.1
ADRU 52.63 55.64 54.03 59.2 0 0 0 0 0 0 0 0 21.05 21.05 22.58 22.4 15.79 21.05 16.94 22.4 45.11 45.11 29.84 43.2 69.92 69.92 75 74.4 93.23 93.98 100 100 93.98 93.98 87.9 95.2 100 100 92.74 92
ADSK 33.96 30.93 37.32 32.51 17.18 18.72 20.09 32.95 4.7 0 3.56 8.96 11.01 10.4 18.38 15.61 0 11.93 0 0 42.01 28.71 9.12 11.71 87.65 76.98 60.11 51.01 94.09 97.78 100 99.28 100 100 83.62 100 61.07 52.43 57.41 46.97
ADTN 18.45 8.25 21.43 34.26 37.86 6.19 7.14 0 0 6.19 0 25.93 46.6 87.63 17.14 12.96 52.43 67.01 68.57 40.74 18.45 46.39 37.14 57.41 100 92.78 72.86 40.74 79.61 100 100 100 30.1 10.31 22.86 28.7 9.71 0 11.43 16.67
ADUS 66.83 100 68.67 100 64.82 2.8 0 34.77 100 38.4 62.05 34.41 69.35 63.2 87.35 72.4 36.18 37.6 12.05 39.43 0 0 7.23 28.67 70.35 24 40.96 0 75.88 24 46.99 41.94 86.43 19.6 100 43.73 53.77 22.4 89.76 49.1
ADXS 47.44 30.32 56.1 50.74 31.41 28.39 15.45 30.88 0 0 0 6.62 16.67 15.48 17.89 0 26.28 29.68 13.01 6.62 57.69 40.97 40.65 33.09 96.79 80.65 84.55 65.44 76.92 100 96.75 100 78.21 62.13 76.42 77.21 100 75.48 100 80.15
AEGN 89.47 94.51 96.85 100 54.39 43.96 64.57 47.96 0 0 18.11 2.04 30.7 52.75 58.27 7.14 13.16 14.29 0 0 42.11 9.89 35.43 16.33 97.37 97.8 88.98 44.9 77.19 100 100 84.69 49.12 46.15 51.97 54.08 100 75.82 67.72 22.45
