ACWX 60.3 54.42 58.06 62.32 6.53 20 15.21 26.57 0 0 0 0 38.19 38.14 35.94 23.67 18.09 25.58 23.96 22.22 54.27 41.4 42.4 44.44 100 85.58 82.49 77.29 100 100 100 100 90.45 84.65 65.44 93.72 95.48 79.53 79.72 72.46
ACXM 58.17 38.9 90.1 89.01 43.43 35.45 73.96 85.16 39.04 37.18 55.21 58.24 60.56 43.52 93.75 82.97 56.18 45.82 88.54 82.97 57.37 44.96 77.08 96.15 100 100 100 100 5.18 2.88 14.58 10.44 0 0 0 16.48 5.18 0.29 7.81 0
ADAP 96.43 100 100 100 62.86 63.06 70.74 73.08 24.29 33.12 25.57 53.85 0 12.74 23.3 29.12 32.86 2.55 0 0 37.86 0 31.82 34.62 69.29 33.12 50 32.97 53.57 47.13 53.41 56.59 100 59.87 46.59 48.35 62.86 59.87 68.18 77.47
ADBE 20.78 26.75 35.8 35.57 13.11 13.34 25.23 19.94 0 0 14.11 7.71 6.39 15.16 16.07 11.88 4.84 12.1 10.81 0 22.6 20.41 0 7.71 77.07 72.67 40.07 37.84 92.67 90.67 88.64 88.47 100 100 94.07 100 98.65 98.32 100 99.72
ADHD 100 100 100 79.41 70.73 92.06 83.72 100 40.24 58.73 44.19 60.29 26.83 34.92 46.51 42.65 0 1.59 2.33 10.29 19.51 0 0 0 43.9 26.98 34.88 11.76 37.8 50.79 76.74 41.18 34.15 22.22 20.93 27.94 45.12 42.86 39.53 25
ADI 38.69 90.66 52.26 100 33.51 13.86 16.45 24.77 0 0 0 0 36.51 21.69 24.19 3.72 12.81 23.8 14.52 14.55 23.98 10.24 3.87 9.91 82.56 74.4 44.84 30.34 77.38 84.64 87.74 87.62 97.28 79.22 73.87 78.64 100 100 100 77.4
ADMA 0.42 4.8 3.55 4.07 0 0 4.26 4.83 4.64 4.37 0 0 2.11 7.4 5.67 21.38 22.36 35.05 6.45 6.9 100 100 33.33 46.21 48.1 47.21 82.27 82.76 51.9 51.97 82.98 85.86 58.65 57.59 83.69 86.9 63.71 67.11 100 100
ADMP 100 94.59 100 100 41.3 51.35 29.41 56.76 2.17 18.92 0 0 21.74 0 25.49 2.7 0 29.73 3.92 5.41 56.52 72.97 35.29 5.41 82.61 86.49 80.39 78.38 93.48 86.49 94.12 75.68 95.65 89.19 70.59 91.89 93.48 100 96.08 86.49
ADMS 31.96 32.14 20.61 31.19 15.21 16.29 9.42 24.77 0 0 0 0.61 14.18 18.57 5.59 2.75 21.39 26.86 9.42 0 45.88 37.71 17.96 23.85 78.09 77.14 55.64 53.52 81.96 96.86 84.78 88.38 100 100 89.2 95.41 96.13 96.57 100 100
ADP 98.13 100 100 100 50.53 38.33 44.04 42.86 0 0 2.77 0 65.24 58.21 44.6 17.37 41.98 36.89 37.95 12.89 27.27 27.38 0 29.13 91.44 70.32 54.29 30.81 70.86 67.72 71.19 72.55 100 77.52 50.69 54.34 89.57 69.16 75.35 54.9
