AGNC 68.09 68.29 85.15 83.61 38.3 31.71 54.46 47.54 42.55 0 45.54 0 70.21 53.66 79.21 50.82 86.17 82.93 83.17 57.38 96.81 100 91.09 86.89 100 100 100 90.16 86.17 100 98.02 100 58.51 82.93 70.3 73.77 0 0 0 31.15
AGNCB 0 55.36 38.46 47.73 37.62 26.43 0 0 37.62 7.14 0 54.55 100 71.43 86.54 56.82 25.08 42.86 48.08 36.36 53.29 30 73.08 50 53.29 100 86.54 97.73 97.18 92.86 100 100 75.23 78.57 86.54 90.91 21.94 0 58.46 36.36
AGNCP 60.34 88.89 28.57 67.65 25.86 77.78 44.64 51.47 0 0 0 0 29.31 75.56 48.21 29.41 25.86 37.78 26.79 13.24 55.17 17.78 46.43 35.29 100 80 64.29 89.71 87.93 100 100 100 68.97 66.67 53.57 67.65 25.86 60 44.64 75
AGND 67.01 58.33 35.2 56.84 0 36.9 0 50.53 2.06 13.09 26.4 0 14.43 0 41.6 20 18.56 2.38 44.8 22.11 87.63 82.14 44.8 22.11 60.82 83.33 77.6 92.63 85.57 79.76 96.8 90.53 95.88 92.86 75.2 90.53 100 100 100 100
AGRX 63.74 33.94 58.58 39.13 41.76 34.86 23.16 72.46 18.68 11.93 31.34 36.23 18.68 25.69 20.44 39.13 10.99 3.67 25.07 18.84 0 0 0 24.64 47.25 20.18 36.78 0 24.18 49.54 62.4 66.67 81.32 51.38 57.22 28.99 100 100 100 100
AGTC 65.82 53.31 87.69 70.15 39.64 26.45 41.76 55.6 0 5.79 16.14 32.46 2.55 0 32.78 9.7 42.91 66.12 0 0 67.64 68.43 50.42 38.81 81.45 69.83 80.7 77.99 80 100 100 89.55 100 73.97 90.02 85.82 90.55 89.67 99 100
AGYS 100 86.21 100 100 48.76 70.34 10.16 92.52 59.5 51.03 46.09 53.74 81.82 83.45 89.84 79.59 39.67 81.38 58.59 83.67 33.88 37.93 45.31 59.86 50.41 100 51.56 47.62 47.11 35.17 43.75 59.18 51.24 42.07 24.22 57.82 0 0 0 0
AGZD 42.5 36.84 0 10.81 5 34.21 29.03 21.62 0 0 16.13 0 2.5 31.58 22.58 40.54 52.5 47.37 90.32 56.76 55 71.05 51.61 56.76 72.5 84.21 61.29 94.59 45 39.47 80.64 48.65 100 100 77.42 48.65 92.5 92.11 100 100
AHGP 13.91 2.75 15.05 9.54 0 0 6.79 8.3 17.08 2.94 0 0 61.09 46.86 23.12 18.9 84.68 78.24 60 59.01 89.44 84.31 90.83 84.45 98.42 95.49 99.08 92.05 100 100 100 100 91.37 88.43 87.89 97.35 81.69 81.96 89.36 85.69
AHPI 0 0 4.35 0 47.62 45 52.17 50 33.33 30 0 27.27 71.43 70 39.13 40.91 71.43 70 60.87 59.09 57.14 70 60.87 72.73 71.43 70 73.91 72.73 80.95 80 69.57 72.73 100 100 100 100 100 100 82.61 90.91
