AAAP 78.26 99.28 100 81.51 25.3 18.05 41.84 39.92 46.64 6.14 56.03 20.17 8.7 49.1 21.28 47.06 0 0 12.77 0 49.41 25.99 24.11 0.84 100 100 91.49 71.43 41.5 75.09 57.45 100 15.41 18.05 0 40.34 53.36 28.88 10.64 34.45
AAL 82.05 92.88 100 100 51.03 64.77 59.93 74.18 39.49 37.72 50.9 30.72 42.05 52.67 63.9 51.31 0 21 5.42 20.92 29.49 0 0 0 71.28 82.92 63.9 39.22 61.79 86.83 70.04 86.93 62.82 51.6 36.1 64.05 100 100 80.87 48.37
AAME 0 0 0 0 90 90 2 35.48 95 100 98 100 100 100 96 100 90 80 56 67.74 100 100 98 100 100 100 100 100 100 100 98 100 100 100 100 100 95 100 98 96.77
AAOI 71.2 83.47 92.5 89.51 25.65 40.91 38.12 47.53 0 0 0 1.23 23.56 36.36 20.63 0.62 14.66 52.84 28.75 0 55.5 34.09 8.13 9.26 100 86.36 100 56.79 59.69 100 91.88 100 80.63 61.36 74.37 54.94 78.01 67.05 89.38 54.32
AAON 81.48 62.35 77.68 89.36 67.59 37.65 53.57 57.45 0 2.35 21.43 38.3 26.85 50.59 47.32 30.85 23.15 4.71 17.86 0 4.63 0 0 39.36 79.63 49.41 36.61 11.7 88.89 100 100 89.36 100 87.06 71.43 100 91.67 84.71 94.64 82.98
AAPC 0 0 0 0 10.71 10.71 37.5 37.5 10.71 10.71 37.5 37.5 10.71 10.71 37.5 37.5 10.71 10.71 37.5 37.5 10.71 10.71 37.5 37.5 10.71 10.71 37.5 37.5 10.71 10.71 37.5 37.5 100 100 37.5 37.5 28.57 28.57 100 100
AAPL 55.75 83.04 77.69 100 31.27 0 16.15 9.86 19.47 7.77 0 0 82.3 65.37 58.08 19.39 34.22 50.88 51.54 43.88 0 42.4 17.31 44.56 100 85.51 42.31 10.88 80.53 100 100 98.64 55.16 82.69 57.31 90.14 67.55 54.42 65 26.53
AAVL 77.89 77.13 89.33 100 73.68 67.02 85.33 80.25 40 65.96 22.67 74.07 8.42 44.68 14.67 51.85 0 0 0 0 27.37 11.7 13.33 4.94 60 61.7 56 35.8 60 78.72 80 69.14 83.16 65.96 70 67.9 100 100 100 82.1
AAWW 100 100 100 100 62.16 80.75 85.52 61.79 19.46 16.43 16.29 22.17 51.35 44.6 62.9 18.87 0 15.49 26.7 12.74 17.84 0 0 9.91 34.05 59.62 63.8 28.77 16.22 24.88 48.42 19.81 62.7 21.6 0 0 59.46 35.21 42.53 31.13
AAXJ 75.35 71.3 86.34 93.43 18.6 19.73 20.49 36.87 0 0 0 0 54.42 54.71 46.83 35.35 19.07 28.7 17.07 23.74 52.56 39.01 36.1 48.48 99.07 83.86 83.9 80.3 100 100 100 100 62.79 68.61 37.07 91.41 80.47 62.33 58.54 52.02
