ACRS 0 0 0 0 24.76 31.25 32.2 20.81 12.54 52.98 53.67 34.78 17.04 59.23 53.95 41.61 21.22 26.19 43.5 25.47 60.77 81.99 63.28 52.17 100 100 100 85.71 78.46 81.85 83.05 99.07 88.75 82.14 100 100 58.84 85.71 93.22 97.83
ACRX 76.92 60 96.77 75.86 15.38 22.86 0 58.62 0 0 9.68 0 74.36 51.43 54.84 27.59 5.13 40 16.13 51.72 64.1 85.71 16.13 13.79 89.74 85.71 90.32 68.97 100 100 100 93.1 79.49 60 74.19 100 97.44 97.14 93.55 82.76
ACSF 29.31 50 0 0 18.97 7.54 26.19 31.03 0 0 2.38 13.79 22.41 6.89 3.57 24.14 17.24 0.33 2.38 22.41 62.07 43.93 30.95 24.14 100 100 100 72.41 100 98.36 97.86 100 75.86 83.61 85.71 96.55 67.24 60.66 95.24 75.86
ACST 33.33 19.05 36.84 30.43 23.33 14.29 5.26 0 0 19.05 0 34.78 20 0 31.58 4.35 33.33 28.57 31.58 34.78 63.33 61.9 78.95 43.48 50 90.48 78.95 100 100 100 100 65.22 23.33 61.9 26.32 73.91 13.33 66.67 21.05 30.43
ACTA 4.37 10.75 3.31 6.45 0 0 0 1.61 22.95 39.78 1.66 0 37.16 47.85 37.57 35.48 39.89 49.46 39.23 38.71 69.95 66.13 47.51 48.39 93.99 90.86 81.77 76.88 95.08 98.92 100 100 98.91 100 98.9 98.92 100 96.24 100 97.31
ACTG 40 62.79 57.5 91.18 17.14 0 17.5 14.71 0 9.3 0 0 77.14 51.16 45 2.94 77.14 53.49 75 64.71 60 58.14 60 76.47 100 81.4 95 61.76 68.57 100 100 100 48.57 23.26 52.5 32.35 94.29 69.77 67.5 35.29
ACTS 27.27 36.36 32 30.77 27.27 27.27 36 34.62 9.09 9.09 4 19.23 0 0 16 15.38 0 0 16 15.38 9.09 18.18 24 30.77 100 100 0 0 95.45 95.45 100 96.15 54.55 100 64 100 50 50 60 57.69
ACTX 0 0 1.47 0 0 0 1.47 0 0 0 0 0 13.43 13.43 14.71 13.43 13.43 13.43 14.71 13.43 14.48 14.48 5.88 13.43 100 100 100 100 100 100 100 100 49.25 49.25 50 49.25 49.25 49.25 50 49.25
ACUR 100 100 66.67 42.11 92.31 90 100 68.42 56.41 65 50 63.16 41.03 65 53.33 42.11 56.41 90 66.67 100 0 45 3.33 0 33.33 0 36.67 5.26 74.36 70 66.67 5.26 74.36 50 33.33 0 43.59 55 0 10.53
ACWI 62.88 59.93 64.75 70.41 15.91 24.19 22.3 32.58 0 0 0 0 36.36 42.96 39.21 25.09 9.09 28.16 15.47 25.47 46.97 36.1 31.29 35.96 95.83 83.75 75.9 67.42 92.42 100 100 100 95.08 86.64 66.91 94.38 100 87.73 87.77 79.4
