AFFX 58.33 57.14 40 27.27 75 57.14 70 100 0 57.14 20 9.09 0 100 20 0 41.67 42.86 30 54.55 58.33 78.57 10 72.73 75 64.29 80 63.64 100 85.71 100 81.82 58.33 64.29 80 72.73 8.33 0 0 18.18
AFH 65 69.23 39.29 74.55 31.25 28.85 10.71 61.82 0 0 0 0 37.5 28.85 39.29 29.09 53.75 65.38 53.57 23.64 56.25 15.38 14.29 43.64 46.25 100 35.71 76.36 72.5 53.85 78.57 40 100 82.69 50 81.82 60 63.46 100 100
AFMD 62.5 45.76 77.55 77.78 10.71 30.51 16.33 64.44 0 0 0 0 42.86 35.59 22.45 8.89 5.36 25.42 10.2 44.44 51.79 25.42 24.49 26.67 76.79 69.49 71.43 73.33 83.93 100 100 100 87.5 86.44 59.18 95.56 100 72.88 97.96 95.56
AFOP 100 100 97.3 100 64.23 95.76 100 96.8 9.76 44.92 32.43 53.6 36.59 47.46 52.7 33.6 20.33 53.39 40.54 28.8 36.59 36.44 58.11 35.2 52.03 44.92 83.78 50.4 30.89 52.54 67.57 59.2 10.57 32.2 35.14 44.8 0 0 0 0
AFSI 2.96 1.32 2.56 3.2 0 0 0 1.97 1.75 0.31 0.09 0 6.29 4.13 3.25 3.26 6.05 4.9 5.72 6.27 9.47 7.3 5.47 6.95 8.82 8.96 9.03 9.71 10.44 8.44 9.22 9.4 14.55 12.6 8.62 10.45 100 100 100 100
AGEN 41.3 60.53 62.79 78.38 4.35 13.16 11.63 29.73 0 0 0 0 32.61 44.74 37.21 18.92 28.26 57.89 34.88 35.14 52.17 52.63 39.53 35.14 67.39 81.58 81.4 75.68 50 100 76.74 89.19 84.78 94.74 67.44 64.86 100 100 100 100
AGFS 31.15 17 23.53 23.73 40.16 36 34.31 22.88 0 2 0 18.64 14.75 0 8.82 0 55.74 38 2.94 7.63 66.39 60.8 74.51 61.86 100 89 84.31 72.88 77.05 98 96.08 100 91.8 86 61.76 77.12 86.07 100 100 90.68
AGII 54.79 14.96 66.77 27.78 48.55 24.42 67.38 36.11 27.55 12.16 59.98 25.37 21.92 16.12 60.39 22.78 0 0 0 0 60.73 24.71 81.26 43.52 82.8 35.23 91.59 62.78 100 74.13 100 82.41 95.43 100 97.37 100 95.59 40.83 95.34 86.67
AGIIL 57.08 16.53 45.18 51.71 1.42 16.53 1.52 26.34 38.21 19.01 16.75 24.39 0 0 0 24.88 48.11 99.17 3.55 0 100 86.78 68.53 66.83 99.53 98.35 92.39 100 100 100 94.42 99.51 99.53 98.35 100 99.51 90.57 92.56 97.46 96.59
AGIO 54.98 81.56 100 100 20.21 8.94 32.43 50 8.88 3.35 19.87 0 33.84 59.78 52.3 18 0 42.74 7.95 14.5 31.85 0 46.23 3.75 45.18 15.08 0 56 29.71 89.39 56.9 54.5 40.28 10.89 1.46 26 100 100 64.02 34.75
