ABAC 39.13 35 62.5 47.62 17.39 30 41.67 33.33 69.57 70 41.67 42.86 100 100 75 71.43 78.26 90 100 100 100 100 41.67 38.1 17.39 65 41.67 38.1 0 0 0 14.29 43.48 35 20.83 0 43.48 35 66.67 47.62
ABAX 13.17 3.04 20.61 6.03 16.85 0 13.54 2.68 0 2.34 0 0 32.4 23.13 26.46 11.61 30.02 20.56 34.34 26.34 56.16 34.35 28.69 30.13 51.19 53.04 64.24 65.4 56.59 50.47 61.01 58.04 100 91.12 79.39 84.15 96.11 100 100 100
ABCB 18.49 29.1 26.1 39.56 0 3.36 7.55 19.31 0.34 0 0 0 29.45 38.81 29.25 27.73 0.68 30.6 15.72 36.45 30.82 26.49 24.84 22.74 67.81 65.67 50.94 46.42 79.11 87.69 71.07 71.96 100 97.01 73.9 85.67 94.18 100 100 100
ABCD 37.21 34.18 45.83 28.05 8.14 20.25 26.04 28.05 0 0 0 0 26.74 13.92 25 1.22 26.74 36.71 35.42 15.85 60.47 55.7 39.58 24.39 83.72 89.87 75 59.76 100 91.14 96.88 87.8 93.02 92.41 72.92 100 100 100 100 87.8
ABCO 21.51 19.21 20.15 15.85 4.3 17.9 4.62 17.32 0 0 0 0 22.43 40.56 19.04 12.91 31.49 40.89 12.38 18.95 51.31 47.78 49.54 43.14 60.06 63.55 73.94 61.11 62.21 69.13 81.52 71.08 100 100 76.71 71.57 89.55 100 100 100
ABCW 11.76 68.62 39.23 73.19 26.8 0 7.69 0 0 2.59 0 1.45 55.56 73.28 51.54 54.35 7.19 56.03 35.38 54.35 8.5 28.45 24.62 45.65 52.29 51.72 47.69 27.54 32.68 81.9 64.62 64.49 96.08 100 46.92 46.38 100 99.14 100 100
ABDC 29.51 32.65 11.25 4.09 7.65 12.76 8.75 15.79 0 0 0 0 14.21 10.2 1.25 0.58 43.72 43.37 8.75 1.75 60.11 50.51 41.25 41.52 71.04 66.33 50.63 57.89 86.34 78.57 72.5 69.01 100 86.22 85 82.46 87.43 100 100 100
ABEO 85.71 66.67 100 100 14.29 20 29.41 50 0 0 29.41 0 100 63.33 100 33.33 57.14 60 41.18 83.33 14.29 46.67 70.59 77.78 76.19 96.67 88.24 50 33.33 66.67 94.12 88.89 28.57 26.67 0 22.22 61.9 100 58.82 5.56
ABGB 5.52 58.62 27.65 51.76 0 0 0 0 5.52 5.52 3.22 2.94 37.93 43.79 28.3 26.47 62.07 62.07 61.09 59.71 89.66 89.66 74.28 72.35 89.66 89.66 93.25 93.53 100 100 100 99.12 86.55 100 93.57 100 79.31 80.34 59.49 72.94
ABIL 21.9 52.55 32.61 59.02 0 0 3.62 0 27.74 19.71 0 1.64 37.96 55.47 44.35 36.89 86.13 78.1 31.16 37.7 72.26 91.24 83.33 100 97.88 100 100 98.36 85.4 88.69 90.43 95.08 91.24 93.43 68.12 96.72 100 100 95.65 86.07
