AEGR 3.4 22.91 27.61 28.76 0 0 0 0 31.29 37.43 46.01 30.72 58.5 64.8 63.8 45.1 39.46 45.25 49.08 54.25 81.63 58.1 53.99 49.67 97.96 85.47 100 87.58 78.91 100 95.71 100 93.88 68.72 82.82 81.05 100 77.65 98.16 89.54
AEHR 16.67 10.71 0 0 10 3.57 41.38 25 10 3.57 24.14 16.67 0 0 31.03 20.83 6.67 10.71 0 16.67 10 3.57 41.38 25 33.33 28.57 51.72 54.17 66.67 92.86 51.72 62.5 73.33 71.43 82.76 75 100 100 100 100
AEIS 68.42 100 67.23 100 42.11 23.36 25.99 15.38 0 0 0 0 73.68 39.42 57.06 11.19 30.08 51.82 49.72 23.78 28.57 32.85 35.03 32.87 100 56.93 68.93 27.27 96.24 81.75 100 74.13 96.24 84.67 85.88 65.03 45.86 71.53 62.71 36.36
AEMD 11.06 13.27 13.3 17.35 44.71 40.31 39.9 25.51 12.02 77.55 26.11 54.08 0 22.96 11.33 12.76 3.37 0 0 0 26.92 26.53 23.65 15.82 79.81 80.61 12.32 28.57 98.08 96.94 97.54 84.69 97.12 100 100 92.35 100 98.98 97.04 100
AEPI 41.68 26.92 34.07 25.14 0 4.78 20.14 36.36 18.47 0 11.62 0 73.11 64.91 44.29 33.89 5.72 44.91 26.15 66.55 7.34 13.46 0 13.69 61.45 56.73 27.86 15.49 76.67 87.17 77.86 70.71 100 87.92 91.38 89.45 85.31 100 100 100
AERI 16 0 23.17 7.25 24 2.2 0 0 11.27 3.66 24.62 6.49 14.91 22.71 30.05 15.65 0 7.33 7.78 1.91 57.45 24.54 13.4 0.38 100 78.21 73.86 56.11 98.55 100 100 100 88 79.12 80.01 96.56 100 65.93 77.12 74.81
AETI 0 0 0 0 35.42 1.54 48.28 24.39 41.67 6.15 67.24 51.22 58.33 18.46 62.07 43.9 60.42 20 68.97 60.98 81.25 60 82.76 75.61 100 100 100 97.56 60.42 47.69 63.79 82.93 70.83 47.69 65.52 48.78 97.92 49.23 86.21 100
AEY 20.83 6.25 34.78 40 29.17 6.25 30.43 20 0 0 13.04 35 54.17 31.25 0 0 54.17 100 56.52 50 100 100 65.22 60 87.5 81.25 100 100 87.5 81.25 91.3 90 75 68.75 86.96 90 95.83 93.75 78.26 80
AEZS 22.58 16.67 76 67.86 0 12.5 48 28.57 22.58 0 0 14.29 25.81 12.5 12 0 35.48 20.83 64 46.43 90.32 87.5 76 67.86 61.29 91.67 100 100 16.13 91.67 92 89.29 64.52 70.83 44 57.14 100 100 92 60.71
AFAM 45.81 63.17 60.82 60.46 41.4 21.9 7.6 42.81 16.05 9.52 21.35 15.69 37.67 30.16 30.41 24.84 0 0 1.75 7.52 24.88 20.32 0 0 53.72 67.62 35.38 24.18 48.14 47.62 52.05 61.11 85.81 87.94 65.2 61.11 100 100 100 100
