ACET 19.03 29.3 25.08 32.4 15.16 12.74 9.15 3.43 0 0 0 0 45.81 41.4 19.66 2.18 29.03 35.67 32.88 31.78 38.39 26.11 19.32 30.22 98.71 84.08 37.63 17.76 93.23 100 100 100 93.55 87.9 82.71 84.74 100 85.67 95.93 78.19
ACFC 0 0 43.18 25.71 33.33 0 0 0 90 25.93 61.36 22.86 83.33 66.67 100 74.29 36.67 37.04 68.18 40 46.67 44.44 68.18 74.29 100 37.04 65.91 40 43.33 48.15 72.73 54.29 50 100 77.27 97.14 60 88.89 79.55 100
ACGL 63.38 56.72 93.67 90.82 37.5 39.08 70.45 83.67 40.14 39.71 39.61 26.53 100 100 100 100 34.15 29.2 77.11 65.65 0 25.63 0 57.82 13.03 0 52.76 0 14.08 3.57 46.75 0.68 22.54 24.79 11.04 22.11 40.49 24.58 61.04 22.11
ACHC 12.43 17.67 11.51 26.41 0 0 0 8.66 22.38 20.94 11.76 0 16.1 40.45 35.04 42.14 5.5 23.43 17.52 25.4 56.81 55.37 24.04 22.08 85.6 85.47 75.58 83.55 80.24 83.25 83.25 94.52 85.34 80.1 73.91 100 100 100 100 99.42
ACHN 55.43 49.02 66.67 59.81 0 31.37 0 41.12 5.43 0 5.13 0 34.78 33.33 43.59 27.1 5.43 20.59 14.1 30.84 55.43 40.2 12.82 21.5 98.91 75.49 85.9 64.49 81.52 100 100 100 81.52 59.8 60.26 76.64 100 72.55 82.05 72.9
ACIW 35.87 44.77 55.47 49.04 25 9.3 0 21.02 0 2.91 35.16 11.46 14.13 24.42 50.78 11.46 0.54 0 22.27 0 15.76 16.28 38.28 7.01 72.28 67.44 60.94 25.48 89.13 86.63 75.78 83.44 100 88.95 85.94 100 95.65 100 100 98.09
ACLS 25.53 30.77 64.86 38.24 34.04 17.95 55.41 8.82 0 0 48.65 2.94 31.91 28.21 58.11 0 31.91 23.08 58.11 11.76 53.19 41.03 0 29.41 68.09 58.97 78.38 52.94 55.32 74.36 75.68 70.59 97.87 100 64.86 47.06 100 97.44 100 100
ACNB 61.67 40 66 64.52 83.33 56 6 51.61 0 0 0 0 76.67 56 4 61.29 78.33 50 0 12.9 83.33 100 94 80.64 96.67 72 100 90.32 53.33 70 14 61.29 70 76 26 100 100 76 78 54.84
ACOR 15.16 17.94 39.51 20.91 0 0 16.46 3.41 48.9 43.3 0 0 52.81 71.75 65.23 62.27 30.07 54.43 38.27 42.5 61.37 53.2 48.15 47.73 90.95 71.55 86.83 72.5 100 100 100 86.36 93.15 87.84 86.21 100 98.29 81.65 94.44 83.86
ACPW 40.91 27.78 18.18 18.75 0 22.22 0 31.25 0 27.78 0 6.25 9.09 0 0 0 27.27 16.67 18.18 18.75 45.45 55.56 36.36 37.5 68.18 88.89 100 100 50 94.44 100 81.25 63.64 55.56 81.82 75 100 100 100 87.5
